[gd_scene format=3 uid="uid://5ma7vxmlo1jb"]

[ext_resource type="PackedScene" uid="uid://b0fms7bpidl4s" path="res://assets/Scenes/environment.tscn" id="1_g4tst"]
[ext_resource type="PackedScene" uid="uid://whl2a2p8t4r5" path="res://entities/enemies/npc.tscn" id="2_t0f4b"]

[sub_resource type="Environment" id="Environment_g4tst"]
background_mode = 1
volumetric_fog_enabled = true
volumetric_fog_density = 0.005

[node name="FredScene" type="Node3D" unique_id=1742367876]

[node name="DirectionalLight3D" type="DirectionalLight3D" parent="." unique_id=414410689]
transform = Transform3D(-0.8660254, -0.43301278, 0.25, 0, 0.49999997, 0.86602545, -0.50000006, 0.75, -0.43301266, 0, 0, 0)
light_color = Color(0.22844607, 0.36254466, 0.41763422, 1)
light_energy = 2.426
shadow_enabled = true

[node name="WorldEnvironment" type="WorldEnvironment" parent="." unique_id=825585174]
environment = SubResource("Environment_g4tst")

[node name="Camera3D" type="Camera3D" parent="." unique_id=1065322500]
transform = Transform3D(1, 0, 0, 0, 0.7313537, 0.6819984, 0, -0.6819984, 0.7313537, 0, 22.932, 21.28)
fov = 45.0

[node name="Environment" parent="." unique_id=960804561 instance=ExtResource("1_g4tst")]
transform = Transform3D(1, 0, 0, 0, 1, 0, 0, 0, 1, -0.0497818, -0.005147934, 0.023990154)

[node name="CSGBox3D2" type="CSGBox3D" parent="Environment" unique_id=566015549]
transform = Transform3D(1, 0, 0, 0, 1, 0, 0, 0, 1, 5.39167, 1.8910618, -12)
size = Vector3(5, 3, 3)

[node name="CSGBox3D3" type="CSGBox3D" parent="Environment" unique_id=1467975655]
transform = Transform3D(1, 0, 0, 0, 1, 0, 0, 0, 1, -7.60833, 1.8910618, -5)
size = Vector3(5, 3, 3)

[node name="CSGBox3D4" type="CSGBox3D" parent="Environment" unique_id=1064539338]
transform = Transform3D(1, 0, 0, 0, 1, 0, 0, 0, 1, 6.39167, 1.8910618, 1)
size = Vector3(5, 3, 3)

[node name="CSGBox3D5" type="CSGBox3D" parent="Environment" unique_id=1435706417]
transform = Transform3D(1, 0, 0, 0, 1, 0, 0, 0, 1, -7.60833, 1.8910618, 6)
size = Vector3(5, 3, 3)

[node name="CSGBox3D6" type="CSGBox3D" parent="Environment" unique_id=1656066006]
transform = Transform3D(1, 0, 0, 0, 1, 0, 0, 0, 1, -7.60833, 1.8910618, -16)
size = Vector3(5, 3, 3)

[node name="FogVolume" type="FogVolume" parent="Environment" unique_id=936400773]
transform = Transform3D(1, 0, 0, 0, 1, 0, 0, 0, 1, 30, 4.492, 1.853)
size = Vector3(14.95, 4, 76.65)

[node name="FogVolume2" type="FogVolume" parent="Environment" unique_id=1338377357]
transform = Transform3D(-4.371139e-08, 0, 1, 0, 1, 0, -1, 0, -4.371139e-08, -4.5191555, 4.492341, -36.41882)
size = Vector3(16.21316, 4, 76.65)

[node name="FogVolume3" type="FogVolume" parent="Environment" unique_id=760853136]
transform = Transform3D(1, 0, 0, 0, 1, 0, 0, 0, 1, -30, 4.492, 4.259)
size = Vector3(16.21316, 4, 76.65)

[node name="Enemies" type="Node3D" parent="." unique_id=1505769874]

[node name="NPC" parent="Enemies" unique_id=2091204191 instance=ExtResource("2_t0f4b")]
transform = Transform3D(0.1432853, 0, 0.9896814, 0, 1, 0, -0.9896814, 0, 0.1432853, -14.828926, 1.397454, -3.7148848)

[node name="NPC2" parent="Enemies" unique_id=590000621 instance=ExtResource("2_t0f4b")]
transform = Transform3D(0.13550803, 0, -0.99077624, 0, 1, 0, 0.99077624, 0, 0.13550803, 14.951938, 1.397454, -3.7148848)

[node name="NPC3" parent="Enemies" unique_id=1752416207 instance=ExtResource("2_t0f4b")]
transform = Transform3D(1, 0, 0, 0, 1, 0, 0, 0, 1, -2.4556699, 1.397454, -3.7148848)

[node name="NPC4" parent="Enemies" unique_id=844692854 instance=ExtResource("2_t0f4b")]
transform = Transform3D(0.5538567, 0, -0.83261204, 0, 1, 0, 0.83261204, 0, 0.5538567, -2.4556699, 1.397454, 6.8656425)

[node name="NPC5" parent="Enemies" unique_id=1457926108 instance=ExtResource("2_t0f4b")]
transform = Transform3D(0.12271811, 0, 0.9924416, 0, 1, 0, -0.9924416, 0, 0.12271811, -2.4556699, 1.397454, -20.197994)
