[gd_scene format=3 uid="uid://dx6rvrc3s05ia"]

[ext_resource type="PackedScene" uid="uid://b7ggpa1vwgrl2" path="res://vfx/ShaderComposer.tscn" id="1_3ut6a"]
[ext_resource type="PackedScene" uid="uid://74m3t0e8b8cn" path="res://vfx/Fireball/Fireball.tscn" id="2_hh8b3"]
[ext_resource type="PackedScene" uid="uid://dt5h0bmojprp0" path="res://systems/grass/grass_system.tscn" id="2_wxpfe"]
[ext_resource type="PackedScene" uid="uid://bifgi2vv2grow" path="res://vfx/SmokePouff/Smoke.tscn" id="4_wxpfe"]
[ext_resource type="Material" uid="uid://bf0sca2hfclri" path="res://systems/grass/materials/ground.tres" id="5_umpql"]
[ext_resource type="PackedScene" uid="uid://dxnjnan0kt0a2" path="res://assets/models/test_house.tscn" id="9_h1aef"]

[sub_resource type="Environment" id="Environment_hh8b3"]
background_energy_multiplier = 0.0
ambient_light_source = 2
ambient_light_color = Color(1, 1, 1, 1)
ambient_light_energy = 0.1
volumetric_fog_enabled = true

[sub_resource type="BoxMesh" id="BoxMesh_fuo3u"]
size = Vector3(5, 0.5, 5)

[sub_resource type="BoxMesh" id="BoxMesh_3ut6a"]
size = Vector3(3, 1, 3)

[sub_resource type="BoxMesh" id="BoxMesh_hh8b3"]
size = Vector3(1.5, 1, 1)

[sub_resource type="SphereMesh" id="SphereMesh_nlp81"]

[sub_resource type="BoxShape3D" id="BoxShape3D_8rnln"]
size = Vector3(32, 1, 32)

[sub_resource type="PlaneMesh" id="PlaneMesh_y8p2d"]
size = Vector2(50, 50)

[node name="StapScene" type="Node3D" unique_id=73656724]

[node name="SubViewportContainer" type="SubViewportContainer" parent="." unique_id=925270961]
texture_filter = 1
anchors_preset = 15
anchor_right = 1.0
anchor_bottom = 1.0
grow_horizontal = 2
grow_vertical = 2
stretch = true
stretch_shrink = 6

[node name="SubViewport" type="SubViewport" parent="SubViewportContainer" unique_id=826980038]
handle_input_locally = false
size = Vector2i(192, 108)
render_target_update_mode = 4

[node name="DirectionalLight3D" type="DirectionalLight3D" parent="SubViewportContainer/SubViewport" unique_id=340714600]
transform = Transform3D(-0.8660254, -0.43301278, 0.25, 0, 0.49999997, 0.86602545, -0.50000006, 0.75, -0.43301266, 3.3828175, 0, 0)
light_color = Color(0, 0, 0, 1)
shadow_enabled = true
shadow_transmittance_bias = -16.0

[node name="ShaderComposer" parent="SubViewportContainer/SubViewport" unique_id=2001211638 instance=ExtResource("1_3ut6a")]
environment = SubResource("Environment_hh8b3")

[node name="MeshInstance3D4" type="MeshInstance3D" parent="SubViewportContainer/SubViewport" unique_id=1200038029]
transform = Transform3D(0.3955615, 0, -0.9184395, 0, 1, 0, 0.9184395, 0, 0.3955615, 0.38922405, -0.83182716, 0)
mesh = SubResource("BoxMesh_fuo3u")

[node name="MeshInstance3D2" type="MeshInstance3D" parent="SubViewportContainer/SubViewport" unique_id=1754741321]
transform = Transform3D(1, 0, 0, 0, 1, 0, 0, 0, 1, 0, -0.83182716, 0)
mesh = SubResource("BoxMesh_3ut6a")

[node name="MeshInstance3D" type="MeshInstance3D" parent="SubViewportContainer/SubViewport" unique_id=110061954]
mesh = SubResource("BoxMesh_hh8b3")

[node name="MeshInstance3D3" type="MeshInstance3D" parent="SubViewportContainer/SubViewport" unique_id=1170659597]
transform = Transform3D(1, 0, 0, 0, 1, 0, 0, 0, 1, 1.1240926, 1.5454535, 0)
mesh = SubResource("SphereMesh_nlp81")

[node name="Camera3D" type="Camera3D" parent="SubViewportContainer/SubViewport" unique_id=838391467]
transform = Transform3D(0.9912455, -0.08439596, 0.10153638, 0, 0.7690315, 0.6392109, -0.13203149, -0.6336149, 0.76229906, 1.1545491, 8.668759, 11.515389)
projection = 1
size = 10.0
far = 50.0

[node name="ShortGrassSystem" parent="SubViewportContainer/SubViewport" unique_id=829710211 instance=ExtResource("2_wxpfe")]
transform = Transform3D(1, 0, 0, 0, 1, 0, 0, 0, 1, 0, -3.4680004, 0)
density = 100.0
tall_grass_threshold = 0.27
uniform_rotation_degrees = 20.0

[node name="Area3D" type="Area3D" parent="SubViewportContainer/SubViewport/ShortGrassSystem" unique_id=506428651]

[node name="CollisionShape3D" type="CollisionShape3D" parent="SubViewportContainer/SubViewport/ShortGrassSystem/Area3D" unique_id=1249310870]
transform = Transform3D(1, 0, 0, 0, 1, 0, 0, 0, 1, 0, -1.9919863, 0)
shape = SubResource("BoxShape3D_8rnln")

[node name="MeshInstance3D5" type="MeshInstance3D" parent="SubViewportContainer/SubViewport" unique_id=1287680420]
transform = Transform3D(1, 0, 0, 0, 1, 0, 0, 0, 1, 0, -5, 0)
mesh = SubResource("PlaneMesh_y8p2d")
surface_material_override/0 = ExtResource("5_umpql")

[node name="Node3D" parent="." unique_id=290144031 instance=ExtResource("2_hh8b3")]
transform = Transform3D(1, 0, 0, 0, 1, 0, 0, 0, 1, 3.3968172, -4.548888, -2.8538527)

[node name="Node3D2" parent="." unique_id=412120049 instance=ExtResource("4_wxpfe")]
transform = Transform3D(1, 0, 0, 0, 1, 0, 0, 0, 1, -4.3765297, 0, -6.2252693)

[node name="testHouse" parent="." unique_id=558572274 instance=ExtResource("9_h1aef")]
transform = Transform3D(-0.2918709, 0, -0.95645773, 0, 1, 0, 0.95645773, 0, -0.2918709, -3.3385086, -4.642162, -7.4410267)
