[gd_scene format=3 uid="uid://dx6rvrc3s05ia"]

[ext_resource type="PackedScene" uid="uid://b7ggpa1vwgrl2" path="res://vfx/ShaderComposer.tscn" id="1_3ut6a"]

[sub_resource type="Environment" id="Environment_hh8b3"]
ambient_light_source = 2
ambient_light_color = Color(1, 1, 1, 1)
ambient_light_energy = 0.3

[sub_resource type="BoxMesh" id="BoxMesh_fuo3u"]
size = Vector3(5, 0.5, 5)

[sub_resource type="BoxMesh" id="BoxMesh_3ut6a"]
size = Vector3(3, 1, 3)

[sub_resource type="BoxMesh" id="BoxMesh_hh8b3"]
size = Vector3(1.5, 1, 1)

[sub_resource type="SphereMesh" id="SphereMesh_nlp81"]

[node name="StapScene" type="Node3D" unique_id=73656724]

[node name="SubViewportContainer" type="SubViewportContainer" parent="." unique_id=925270961]
texture_filter = 1
anchors_preset = 15
anchor_right = 1.0
anchor_bottom = 1.0
grow_horizontal = 2
grow_vertical = 2
stretch = true
stretch_shrink = 6

[node name="SubViewport" type="SubViewport" parent="SubViewportContainer" unique_id=826980038]
handle_input_locally = false
size = Vector2i(192, 108)
render_target_update_mode = 4

[node name="DirectionalLight3D" type="DirectionalLight3D" parent="SubViewportContainer/SubViewport" unique_id=340714600]
transform = Transform3D(-0.8660254, -0.43301278, 0.25, 0, 0.49999997, 0.86602545, -0.50000006, 0.75, -0.43301266, 0, 0, 0)
light_indirect_energy = 0.0
light_volumetric_fog_energy = 0.0
shadow_enabled = true
shadow_transmittance_bias = -16.0

[node name="ShaderComposer" parent="SubViewportContainer/SubViewport" unique_id=2001211638 instance=ExtResource("1_3ut6a")]
environment = SubResource("Environment_hh8b3")

[node name="MeshInstance3D4" type="MeshInstance3D" parent="SubViewportContainer/SubViewport" unique_id=1200038029]
transform = Transform3D(0.3955615, 0, -0.9184395, 0, 1, 0, 0.9184395, 0, 0.3955615, 0.38922405, -0.83182716, 0)
mesh = SubResource("BoxMesh_fuo3u")

[node name="MeshInstance3D2" type="MeshInstance3D" parent="SubViewportContainer/SubViewport" unique_id=1754741321]
transform = Transform3D(1, 0, 0, 0, 1, 0, 0, 0, 1, 0, -0.83182716, 0)
mesh = SubResource("BoxMesh_3ut6a")

[node name="MeshInstance3D" type="MeshInstance3D" parent="SubViewportContainer/SubViewport" unique_id=110061954]
mesh = SubResource("BoxMesh_hh8b3")

[node name="MeshInstance3D3" type="MeshInstance3D" parent="SubViewportContainer/SubViewport" unique_id=1170659597]
transform = Transform3D(1, 0, 0, 0, 1, 0, 0, 0, 1, 1.1240926, 1.5454535, 0)
mesh = SubResource("SphereMesh_nlp81")

[node name="Camera3D" type="Camera3D" parent="SubViewportContainer/SubViewport" unique_id=838391467]
transform = Transform3D(0.9912455, -0.08439596, 0.10153638, 0, 0.7690315, 0.6392109, -0.13203149, -0.6336149, 0.76229906, 1.1545491, 4.532778, 6.2972927)
projection = 1
size = 5.0
far = 50.0

[node name="SpotLight3D" type="SpotLight3D" parent="SubViewportContainer/SubViewport" unique_id=1380971151]
transform = Transform3D(1, 0, 0, 0, -0.0058468683, 0.9999829, 0, -0.9999829, -0.0058468683, 0, 3.461728, 0)
